 [0] : [0, 1]
 [1] : [2]
 [2] : [3]
 [3] : [4, 5, 6, 7, 8]
 [4] : [9, 10, 11]
 [5] : [12, 13]
 [6] : [14]
 [7] : [15, 16]
 [8] : [17]
 [9] : [18]
 [10] : [19]
 [11] : [20]
 [12] : [21]
 [13] : [22]
 [14] : [23]
 [15] : [24]
 [16] : [25]
 [17] : [26, 27]
 [18] : [28, 29]
 [19] : [30]
 [20] : [31, 32]
 [21] : [33, 34]
[22] : [35, 36]
[23] : [37]
[24] : [38]
[25] : [39]
[26] : [40]
[27] : [41]
[28] : [42]
[29, 30] : [43]
[31] : [44]
[32] : [45]
[33] : [46]
[34] : [47]
[35] : [48]
[36] : [49]
[37] : [50, 51]
[38] : [52]
[39] : [53]
[40] : [54, 55]
[41] : [56]
[42] : [57]
[43] : [58]
[44] : [59, 60]
[45] : [61]
[46] : [62]
[47] : [63]
[48] : [64]
[49] : [65]
[50] : [66]
[51] : [67, 68]
[52] : [69]
[53] : [70]
[54] : [71]
[55] : [72, 73]
[56] : [74, 75]
[57] : [76]
[58] : [77]
[59] : [78]
[60] : [79]
[61] : [80]
[62] : [81]
[63] : [82]
[64] : [83]
[65] : [84]
[66] : [85]
[67] : [86]
[68] : [87]
[69] : [88]
[70] : [89]
[71] : [90]
[72] : [91, 92]
[73] : [93]
[74] : [94]
[75] : [95]
[76] : [96]
[77] : [97]
[78] : [98]
[79] : [99, 100, 101]
[80] : [102]
[81] : [103, 104]
[82] : [105, 106]
[83] : [107]
[84] : [108]
[85] : [109]
[86] : [110]
[87] : [111]
[88] : [112, 113]
[89] : [114]
[90] : [115]
[91] : [116]
[92] : [117]
[93] : [118, 119]
[94] : [120, 121]
[95] : [122]
[96] : [123]
[97] : [124]
[98] : [125]
[99] : [126]
[100] : [127]
[101] : [128]
[102] : [129, 130]
[103] : [131]
[104] : [132]
[105] : [133]
[106] : [134]
[107] : [135]
[108] : [136]
[109] : [137]
[110] : [138]
[111] : [139]
[112] : [140]
[113] : [141]
[114] : [142]
[115] : [143]
[116] : [144]
[117] : [145, 146, 147]
[118] : [148]
[119] : [149, 150, 151]
[120] : [152]
[121] : [153]
[122] : [154]
[123] : [155]
[124] : [156]
[125] : [157]
[126] : [158]
[127] : [159]
[128] : [160]
[129] : [161]
[130] : [162]
[131] : [163]
[132] : [164]
[133] : [165]
[134] : [166]
[135] : [167]
[136] : [168, 169]
[137] : [170]
[138] : [171]
[139] : [172, 173]
[140] : [174]
[141] : [175, 176, 177]
[142] : [178, 179, 180, 181, 182, 183, 184, 185, 186]
[143] : [187]
[144] : [188]
[145] : [189, 190, 191]
[146] : [192]
[147] : [193]
[148] : [194]
[149] : [195]
[150] : [196]
[151] : [197, 198, 199, 200, 201, 202, 203]
[152] : [204, 205]