 [0] : [0]
 [1] : [1]
 [2] : [2, 3, 4, 5]
 [3] : [6, 7]
 [4] : [8, 9, 10]
 [5] : [11, 12, 13, 14, 15]
 [6] : [16, 17]
 [7] : [18, 19]
 [8] : [20]
 [9] : [21]
 [10] : [22, 23]
 [11, 12] : [24, 25]
 [13] : [26, 27]
 [14] : [28]
 [15, 16] : [29, 30, 31]
 [17, 18] : [32]
 [19] : [33, 34, 35, 36]
 [20] : [37, 38, 39]
 [21] : [40]
 [22] : [41, 42]
[23] : [43, 44, 45]
[24] : [46, 47, 48]
[25] : [49]
[26] : [50]
[27] : [51]
[28] : [52, 53, 54]
[29] : [55]
[30] : [56, 57, 58]
[31] : [59, 60, 61]
[32] : [62]
[33] : [63, 64]
[34] : [65, 66, 67]
[35] : [68]
[36] : [69, 70, 71]
[37] : [72, 73]
[38] : [74, 75, 76, 77, 78]
[39] : [79]
[40] : [80]
[41] : [81, 82]
[42] : [83, 84]
[43] : [85, 86]
[44] : [87, 88]
[45] : [89, 90, 91, 92, 93]
[46] : [94]
[47] : [95, 96, 97, 98]
[48] : [99, 100]
[49] : [101]
[50] : [102]
[51] : [103, 104, 105]
[52] : [106, 107, 108, 109, 110]
[53] : [111, 112]
[54] : [113, 114]
[55, 56] : [115]
[57, 58] : [116]
[59] : [116, 117, 117, 118]
[60, 61] : [119, 120, 121]
[62, 63] : [122, 123, 124, 125, 126, 127, 128, 129]
[64] : [130]
[65] : [131, 132, 133]
[66, 67] : [134, 135, 136]
[68] : [139, 140, 141, 142, 143]
[69, 70] : [144, 145, 146, 147, 148, 149]
[71] : [150, 151, 152, 153, 154, 155]
[72, 73] : [156]
[74] : [157, 158]
[75] : [159]
[76] : [160, 161]
[77] : [162, 163, 164]
[78] : [165, 166]
[79] : [167, 168, 169]
[80] : [170]
[81] : [171, 172]
[82] : [173, 174]
[83] : [175, 176, 177]
[84] : [178, 179]
[85] : [180, 181, 182, 183]
[86] : [184, 185]
[87] : [186]
[88] : [187, 188]
[89] : [189, 190, 191, 192]
[90] : [193, 194]
[91] : [195, 196, 197, 198]
[92] : [199, 200, 201]