 [0] : [0]
 [1, 2] : [1, 2]
 [3] : [3, 4, 5, 6, 7, 8, 9, 10]
 [4] : [11]
 [5] : [12]
 [6] : [13, 14, 15]
 [7] : [16, 17, 18]
 [8, 9] : [19, 20]
 [10] : [21, 22]
 [11] : [23]
 [12, 13] : [24, 25, 26, 27, 28, 29, 30]
 [14] : [31, 32]
 [15] : [33, 34, 35]
 [16] : [36, 37, 38, 39, 40, 41, 42]
 [17] : [43, 44, 45, 46, 47]
 [18] : [48, 49]
 [19] : [50, 51]
 [20] : [52, 53]
 [21] : [54, 55]
 [22] : [56]
 [23] : [57, 58, 59, 60, 61]
[24] : [62, 63]
[25] : [64, 65, 66]
[26] : [67, 68]
[27] : [69, 70]
[28] : [71]
[29] : [72, 73]
[30] : [74]
[31] : [75]
[32, 33] : [76]
[34] : [77]
[35, 36] : [78]
[37, 38] : [79, 80]
[39] : [81]
[40] : [82]
[41] : [83]
[42] : [84, 85]
[43] : [86]
[44] : [87, 88]
[45] : [89, 90, 91]
[46] : [92, 93, 94]
[47] : [95]
[48] : [96, 97, 98, 99, 100, 101]
[49] : [102]
[50] : [103, 104]
[51] : [105, 106]
[52] : [107, 108, 109, 110]
[53] : [111]
[54] : [112, 113]
[55] : [114, 115, 116]
[56] : [117, 118, 119]
[57] : [120]
[58] : [121, 122, 123, 124, 125, 126, 127]
[59] : [128, 129]
[60] : [130, 131, 132, 133, 134]
[61] : [135, 136, 137]
[62] : [138]
[63] : [139, 140]
[64] : [141, 142]
[65] : [143, 144]
[66] : [145, 146, 147]
[67] : [148]
[68] : [149]
[69] : [150]
[70] : [151]
[71] : [152]
[72] : [153, 154, 155, 156]
[73] : [157]
[74] : [158, 159]
[75] : [160, 161]
[76] : [162]
[77] : [163, 164, 165]
[78] : [166]
[79] : [167, 168, 169, 170]
[80, 81] : [171]
[82, 83, 84] : [172, 173]
[85] : [174]
[86] : [175]
[87, 88] : [176]
[89] : [177, 178]
[90] : [179, 180, 181]
[91] : [182, 183]
[92, 93] : [184]
[94, 95] : [185]
[96] : [186]
[97] : [187]
[98] : [188]
[99] : [189, 190, 191, 192, 193]