 [0] : [0, 1]
 [1] : [2]
 [2] : [3]
 [3] : [4]
 [4] : [5]
 [5] : [6]
 [6] : [7, 8, 9]
 [7] : [10]
 [8] : [11]
 [9] : [12]
 [10] : [13, 14, 15]
 [11] : [16, 17, 18, 19]
 [12] : [20, 21]
 [13] : [22, 23, 24]
 [14] : [25]
 [15] : [26]
 [16] : [27]
 [17] : [28, 29]
 [18] : [30]
 [19] : [31, 32]
 [20] : [33]
 [21] : [34]
[22] : [35, 36]
[23] : [37, 38, 39]
[24] : [40, 41]
[25] : [42]
[26] : [43, 44, 45]
[27] : [46, 47]
[28] : [48]
[29] : [49, 50, 51]
[30] : [52, 53, 54]
[31] : [54, 55]
[32] : [56, 57]
[33] : [58]
[34] : [59, 60, 61]
[35] : [62, 63, 64]
[36] : [65]
[37] : [66]
[38] : [67, 68]
[39] : [69, 70]
[40, 41] : [71, 72, 73, 74, 75, 76]
[42] : [77]
[43] : [78]
[44] : [80]
[45] : [81]
[46] : [82]
[47] : [83]
[48] : [84, 85]
[49, 50] : [86, 87, 88, 89, 90]
[51] : [91]
[52] : [92, 93]
[53] : [94]
[54] : [95, 96, 97, 98, 99]
[55] : [100]
[56] : [101, 102]
[57, 58] : [103, 104, 105, 106]
[59] : [107, 108]
[60] : [109, 110]
[61] : [111, 112]
[62] : [113, 114, 115]
[63] : [116]
[64] : [117]
[65] : [118]
[66] : [119, 120]
[67] : [121, 122]
[68] : [123]
[69] : [124]
[70] : [125, 126]
[71] : [127]
[72] : [128]
[73] : [129, 130, 131]
[74] : [132]
[75] : [133]
[76] : [134, 135]
[77] : [136, 137, 138]
[78] : [139, 140, 141]
[79] : [142, 143, 144, 145, 146, 147]
[80] : [148, 149, 150]
[81, 82] : [151, 152]
[83] : [153, 154]
[84] : [155, 156, 157]
[85] : [158, 159, 160, 161]
[86] : [162, 163, 164]
[87] : [165, 166, 167]
[88] : [168, 169, 170]
[89, 90] : [171]
[91] : [172, 173]
[92] : [174]