 [0] : [0]
 [1] : [1, 2]
 [2] : [3]
 [3] : [4, 5]
 [4] : [6, 7, 8]
 [5] : [9]
 [6] : [10]
 [7] : [11, 12]
 [8] : [13]
 [9] : [14, 15]
 [10] : [16]
 [11] : [17]
 [12] : [18]
 [13] : [19]
 [14] : [20, 21, 22]
 [15] : [23, 24, 25]
 [16] : [26, 27]
 [17] : [28]
 [18] : [29]
 [19] : [30]
 [20] : [31, 32]
 [21] : [33]
 [22] : [34]
 [23] : [35]
 [24] : [36]
 [25] : [37]
 [26, 27] : [38, 39]
 [28] : [40]
[29] : [41]
[30] : [42, 43]
[31] : [44]
[32] : [45, 46, 47, 48]
[33] : [49, 50, 51, 52]
[34] : [53]
[35] : [54, 55, 56, 57]
[36] : [58, 59, 60]
[37] : [61, 62, 63]
[38] : [64]
[39] : [65]
[40] : [66, 67, 68, 69, 70, 71]
[41] : [72]
[42] : [73, 74]
[43] : [75, 76, 77, 78]
[44] : [79, 80, 81, 82, 83, 84, 85]
[45] : [86, 87]
[46] : [88]
[47, 48] : [89, 90]
[49] : [91]
[50] : [92]
[51] : [93, 94, 95, 96]
[52] : [97, 98, 99, 100]
[53] : [101, 102]
[54] : [103]
[55, 56] : [104, 105]
[57] : [106, 107]
[58] : [108, 109, 110]
[59] : [111, 112]
[60] : [113, 114, 115, 116, 117]
[61] : [118, 119, 120, 121]
[62] : [122]
[63] : [123, 124, 125, 126]
[64] : [127, 128, 129]
[65] : [130, 131]
[66] : [132, 133]
[67] : [134, 135]
[68] : [136, 137, 138, 139, 140]
[69] : [141, 142, 143, 144, 145, 146]
[70] : [147, 148, 149, 150, 151]
[71] : [152, 153, 154, 155]
[72] : [156]
[73] : [157, 158]
[74] : [159, 160, 161, 162, 163, 164]
[75] : [165]
[76] : [166, 167, 168]
[77] : [169, 170, 171, 172, 173]
[78] : [174, 175, 176, 177]
[79] : [178, 179]
[80] : [180, 181, 182]
[81] : [183]
[82] : [184, 185, 186]
[83] : [187, 188]
[84] : [189]
[85] : [190, 191]
[86] : [192, 193, 194]
[87] : [195]
[88] : [196, 197]
[89] : [198, 199]
[90] : [200]
[91] : [201, 202]