 [0] : [0, 1]
 [1] : [2, 3]
 [2] : [4]
 [3] : [5, 6, 7]
 [4] : [8, 9]
 [5] : [10, 11, 12]
 [6] : [13, 14]
 [7] : [15]
 [8] : [16, 17]
 [9] : [18]
 [10] : [19, 20, 21]
 [11] : [22, 23]
 [12] : [24, 25]
 [13, 14] : [26, 27, 28, 29]
 [15] : [30]
 [16] : [31]
 [17] : [32, 33, 34]
 [18] : [35, 36, 37, 38]
 [19] : [39, 40, 41]
[20] : [42, 43, 44]
[21] : [45, 46, 47, 48, 49, 50, 51, 52]
[22] : [53, 54, 55, 56]
[23] : [57, 58]
[24] : [59]
[25] : [60, 61, 62]
[26] : [63, 64]
[27] : [65, 66]
[28] : [67, 68, 69, 70]
[29] : [71, 72, 73, 74]
[30] : [75, 76, 77, 78]
[31] : [79]
[32] : [80]
[33] : [81, 82]
[34, 35] : [83]
[36] : [84, 85, 86]
[37, 38] : [87]
[39] : [88]
[40] : [89]
[41] : [90]
[42] : [91, 92, 93]
[43] : [94, 95]
[44, 45] : [96, 97, 98, 99, 100, 101, 102]
[46] : [103, 104]
[47] : [105, 106]
[48] : [107, 108]
[49] : [109, 110, 111, 112, 113]
[50] : [114, 115]
[51] : [116, 117, 118, 119]
[52] : [120, 121, 122]
[53] : [123, 124, 125, 126, 127, 128, 129]
[54] : [130, 131, 132, 133]
[55] : [134]
[56] : [135, 136]
[57] : [137, 138]
[58] : [139, 140, 141, 142]
[59] : [143]
[60] : [144]
[61] : [145]
[62] : [146, 147]
[63] : [148, 149, 150]
[64] : [151, 152, 153]
[65] : [154, 155, 156]
[66] : [157, 158]
[67] : [159]
[68] : [160, 161]
[69] : [162]
[70] : [163]
[71] : [164]
[72] : [165, 166]
[73] : [167]
[74] : [168, 169, 170]
[75] : [171]
[76] : [172, 173]
[77] : [174, 175]
[78] : [176, 177, 178]
[79] : [179, 180]
[80] : [181, 182]
[81] : [183]
[82] : [184, 185]
[83] : [186, 187, 188, 189, 190, 191]
[84] : [192, 193, 194]
[85] : [195]
[86] : [196]
[87] : [197]
[88] : [198]
[89] : [199, 200, 201]
[90] : [202, 203]
[91] : [204, 205]
[92] : [206, 207]
[93] : [208]
[94] : [209, 210]
[95] : [211]
[96] : [212]
[97] : [213, 214]
[98] : [215, 216]
[99] : [217, 218, 219, 220]
[100] : [221, 222]